2.577485880072603874e-02 2.673239294595373477e-16
3.386942810689859418e-02 1.643031636219735527e-14
4.196399741307114961e-02 7.668246954443128183e-13
5.005856671924370505e-02 2.523014016350129836e-11
5.815313602541626048e-02 5.885927246142381913e-10
6.624770533158881591e-02 1.045092437281184660e-08
7.434227463776137135e-02 1.488601142105774340e-07
8.243684394393392678e-02 1.689691795121133849e-06
9.053141325010648222e-02 1.456092625998363000e-05
9.862598255627903765e-02 9.203470757310085301e-05
1.067205518624515931e-01 4.290174809270736801e-04
1.148151211686241485e-01 1.477609935827810380e-03
1.229096904747967040e-01 3.769953889835385864e-03
1.310042597809692455e-01 7.740553492323025073e-03
1.390988290871418287e-01 1.477881678300002957e-02
1.471933983933143564e-01 2.905639391108651853e-02
1.552879676994869396e-01 5.943094917495995999e-02
1.633825370056594672e-01 1.178258720790507502e-01
1.714771063118320504e-01 2.045594693700307498e-01
1.795716756180045781e-01 2.962660794510260098e-01
1.876662449241771613e-01 3.712608719479711383e-01
1.957608142303496890e-01 4.298709278958378066e-01
2.038553835365222722e-01 4.823051845583876118e-01
2.119499528426947998e-01 5.344442489027355636e-01
2.200445221488673830e-01 5.843890036770595930e-01
2.281390914550399107e-01 6.301958960124328657e-01
2.362336607612124939e-01 6.737725675266293957e-01
2.443282300673850216e-01 7.149736665950154890e-01
2.524227993735576048e-01 7.506405337329138394e-01
2.605173686797301325e-01 7.799739204976411378e-01
2.686119379859027156e-01 8.051895502824619744e-01
2.767065072920752433e-01 8.290037215155754424e-01
2.848010765982478265e-01 8.525673228599772724e-01
2.928956459044204097e-01 8.739838259564355338e-01
3.009902152105929374e-01 8.911396985665432924e-01
3.090847845167654651e-01 9.051922097557303371e-01
3.171793538229380482e-01 9.186190404192301484e-01
3.252739231291106314e-01 9.320685467418440284e-01
3.333684924352831591e-01 9.441061034964355336e-01
3.414630617414556868e-01 9.538953685368576352e-01
3.495576310476282700e-01 9.625031834969358657e-01
3.576522003538008532e-01 9.713587299786887730e-01
3.657467696599733809e-01 9.805816100191782070e-01
3.738413389661459085e-01 9.888578231093144710e-01
3.819359082723184917e-01 9.947942476725681882e-01
3.900304775784910749e-01 9.980790108696532270e-01
3.981250468846636026e-01 9.994469311699668568e-01
4.062196161908361303e-01 9.998743792218801607e-01
4.143141854970087135e-01 9.999761409495194764e-01
4.224087548031812966e-01 9.999950679994207281e-01
4.305033241093538243e-01 9.999982873508935777e-01
4.385978934155263520e-01 9.999991334057174441e-01
4.466924627216989352e-01 9.999995495302943516e-01
4.547870320278715184e-01 9.999997960403191888e-01
4.628816013340440461e-01 9.999999266010238808e-01
4.709761706402165737e-01 9.999999799212105911e-01
4.790707399463891569e-01 9.999999958612751927e-01
4.871653092525617401e-01 9.999999993568490231e-01
4.952598785587342678e-01 9.999999999249551408e-01
5.033544478649067955e-01 9.999999999934544581e-01
5.114490171710793787e-01 9.999999999995744515e-01
5.195435864772519619e-01 9.999999999999785727e-01
5.276381557834244340e-01 9.999999999999991118e-01
5.357327250895970172e-01 1.000000000000000000e+00
5.438272943957696004e-01 1.000000000000000000e+00
5.519218637019421836e-01 1.000000000000000000e+00
5.600164330081147668e-01 1.000000000000000000e+00
5.681110023142872389e-01 1.000000000000000000e+00
5.762055716204598221e-01 1.000000000000000000e+00
5.843001409266324053e-01 1.000000000000000000e+00
5.923947102328048775e-01 1.000000000000000000e+00
6.004892795389774607e-01 1.000000000000000000e+00
6.085838488451500439e-01 1.000000000000000000e+00
6.166784181513226271e-01 1.000000000000000000e+00
6.247729874574952103e-01 1.000000000000000000e+00
6.328675567636676824e-01 1.000000000000000000e+00
6.409621260698402656e-01 1.000000000000000000e+00
6.490566953760128488e-01 1.000000000000000000e+00
6.571512646821853210e-01 1.000000000000000000e+00
6.652458339883579042e-01 1.000000000000000000e+00
6.733404032945304873e-01 1.000000000000000000e+00
6.814349726007030705e-01 1.000000000000000000e+00
6.895295419068756537e-01 1.000000000000000000e+00
6.976241112130481259e-01 1.000000000000000000e+00
7.057186805192207091e-01 1.000000000000000000e+00
7.138132498253932923e-01 1.000000000000000000e+00
7.219078191315657644e-01 1.000000000000000000e+00
7.300023884377383476e-01 1.000000000000000000e+00
7.380969577439109308e-01 1.000000000000000000e+00
7.461915270500835140e-01 1.000000000000000000e+00
7.542860963562560972e-01 1.000000000000000000e+00
7.623806656624285694e-01 1.000000000000000000e+00
7.704752349686011526e-01 1.000000000000000000e+00
7.785698042747737357e-01 1.000000000000000000e+00
7.866643735809462079e-01 1.000000000000000000e+00
7.947589428871187911e-01 1.000000000000000000e+00
8.028535121932913743e-01 1.000000000000000000e+00
8.109480814994639575e-01 1.000000000000000000e+00
8.190426508056365407e-01 1.000000000000000000e+00
8.271372201118091239e-01 1.000000000000000000e+00
