1.813465581934985832e-02 1.572499124023699380e-10
2.628263321961759463e-02 4.194112620988988094e-09
3.443061061988532401e-02 8.892571696878435183e-08
4.257858802015306032e-02 1.452988635973377720e-06
5.072656542042079664e-02 1.810065875450749245e-05
5.887454282068853295e-02 1.683526837042831879e-04
6.702252022095625539e-02 1.091953383021313125e-03
7.517049762122399170e-02 4.707200372414769088e-03
8.331847502149172802e-02 1.454770706656946175e-02
9.146645242175946433e-02 3.637290727022066128e-02
9.961442982202720064e-02 7.838168665792187573e-02
1.077624072222949370e-01 1.476279149124452572e-01
1.159103846225626733e-01 2.455766867786805252e-01
1.240583620228304096e-01 3.687486854309308115e-01
1.322063394230981459e-01 4.970650875035326766e-01
1.403543168233658822e-01 5.940186504234311604e-01
1.485022942236336185e-01 6.545344970573939714e-01
1.566502716239013548e-01 6.973964730937919354e-01
1.647982490241690912e-01 7.365784626490687881e-01
1.729462264244368275e-01 7.781697060847954095e-01
1.810942038247045638e-01 8.195038988826836013e-01
1.892421812249723001e-01 8.529162883948145923e-01
1.973901586252400364e-01 8.772648416744135424e-01
2.055381360255077727e-01 8.977801207143429885e-01
2.136861134257754813e-01 9.176182332744016179e-01
2.218340908260432176e-01 9.347538759208287029e-01
2.299820682263109539e-01 9.474728592643415492e-01
2.381300456265786902e-01 9.571315344256741131e-01
2.462780230268464265e-01 9.650956093750409082e-01
2.544260004271141629e-01 9.717420222314504530e-01
2.625739778273818992e-01 9.774174018836973010e-01
2.707219552276496355e-01 9.823770534333904347e-01
2.788699326279173718e-01 9.863126337901343410e-01
2.870179100281851081e-01 9.890727706886871529e-01
2.951658874284528444e-01 9.911014508771396336e-01
3.033138648287205807e-01 9.928745730720535123e-01
3.114618422289883171e-01 9.945047355542486756e-01
3.196098196292560534e-01 9.958350962400810413e-01
3.277577970295237897e-01 9.967860477432407551e-01
3.359057744297915260e-01 9.974754036542045066e-01
3.440537518300592623e-01 9.980568243687842900e-01
3.522017292303269986e-01 9.985978426296304722e-01
3.603497066305947349e-01 9.990869828675885689e-01
3.684976840308624713e-01 9.994861930198520872e-01
3.766456614311302076e-01 9.997621839390166132e-01
3.847936388313979439e-01 9.999127197185889715e-01
3.929416162316656802e-01 9.999748525480133265e-01
4.010895936319334165e-01 9.999943331457527007e-01
4.092375710322010973e-01 9.999990275950640939e-01
4.173855484324688336e-01 9.999998766471583922e-01
4.255335258327365699e-01 9.999999881374816990e-01
4.336815032330043063e-01 9.999999990606825984e-01
4.418294806332720426e-01 9.999999999339331813e-01
4.499774580335397789e-01 9.999999999958423258e-01
4.581254354338075152e-01 9.999999999997795097e-01
4.662734128340752515e-01 9.999999999999907851e-01
4.744213902343429878e-01 9.999999999999996669e-01
4.825693676346107241e-01 1.000000000000000000e+00
4.907173450348784605e-01 1.000000000000000000e+00
4.988653224351461968e-01 1.000000000000000000e+00
5.070132998354138776e-01 1.000000000000000000e+00
5.151612772356816139e-01 1.000000000000000000e+00
5.233092546359493502e-01 1.000000000000000000e+00
5.314572320362170865e-01 1.000000000000000000e+00
5.396052094364848228e-01 1.000000000000000000e+00
5.477531868367525592e-01 1.000000000000000000e+00
5.559011642370202955e-01 1.000000000000000000e+00
5.640491416372880318e-01 1.000000000000000000e+00
5.721971190375557681e-01 1.000000000000000000e+00
5.803450964378235044e-01 1.000000000000000000e+00
5.884930738380912407e-01 1.000000000000000000e+00
5.966410512383589770e-01 1.000000000000000000e+00
6.047890286386267134e-01 1.000000000000000000e+00
6.129370060388944497e-01 1.000000000000000000e+00
6.210849834391621860e-01 1.000000000000000000e+00
6.292329608394299223e-01 1.000000000000000000e+00
6.373809382396976586e-01 1.000000000000000000e+00
6.455289156399653949e-01 1.000000000000000000e+00
6.536768930402331312e-01 1.000000000000000000e+00
6.618248704405008676e-01 1.000000000000000000e+00
6.699728478407686039e-01 1.000000000000000000e+00
6.781208252410363402e-01 1.000000000000000000e+00
6.862688026413040765e-01 1.000000000000000000e+00
6.944167800415718128e-01 1.000000000000000000e+00
7.025647574418395491e-01 1.000000000000000000e+00
7.107127348421072854e-01 1.000000000000000000e+00
7.188607122423750218e-01 1.000000000000000000e+00
7.270086896426427581e-01 1.000000000000000000e+00
7.351566670429104944e-01 1.000000000000000000e+00
7.433046444431782307e-01 1.000000000000000000e+00
7.514526218434459670e-01 1.000000000000000000e+00
7.596005992437137033e-01 1.000000000000000000e+00
7.677485766439814396e-01 1.000000000000000000e+00
7.758965540442491760e-01 1.000000000000000000e+00
7.840445314445169123e-01 1.000000000000000000e+00
7.921925088447846486e-01 1.000000000000000000e+00
8.003404862450522739e-01 1.000000000000000000e+00
8.084884636453200102e-01 1.000000000000000000e+00
8.166364410455877465e-01 1.000000000000000000e+00
8.247844184458554828e-01 1.000000000000000000e+00
