2.959890687432964115e-02 6.417673677976910093e-12
3.766564060720484219e-02 1.811398853588209063e-10
4.573237434008003977e-02 4.172989393509698028e-09
5.379910807295524428e-02 7.557132720861161914e-08
6.186584180583044879e-02 1.046925193871579431e-06
6.993257553870564636e-02 1.078074244801113658e-05
7.799930927158084393e-02 7.977332578647518637e-05
8.606604300445605538e-02 4.162253578550573208e-04
9.413277673733125295e-02 1.551211249581117531e-03
1.021995104702064505e-01 4.327705931793611287e-03
1.102662442030816481e-01 9.797967216812225599e-03
1.183329779359568595e-01 1.979037465331689657e-02
1.263997116688320432e-01 3.847252210403977885e-02
1.344664454017072408e-01 7.421629722519947070e-02
1.425331791345824661e-01 1.382512033363336723e-01
1.505999128674576637e-01 2.333187985352264682e-01
1.586666466003328613e-01 3.399059585950306439e-01
1.667333803332080588e-01 4.295870263191560179e-01
1.748001140660832564e-01 4.938443381777538610e-01
1.828668477989584540e-01 5.439508285955982902e-01
1.909335815318336516e-01 5.933164866068865173e-01
1.990003152647088769e-01 6.449056249773112981e-01
2.070670489975840745e-01 6.917326876088423226e-01
2.151337827304592720e-01 7.309105653199086117e-01
2.232005164633344696e-01 7.667629024119256842e-01
2.312672501962096672e-01 8.009481023424533941e-01
2.393339839290848647e-01 8.301291430111480407e-01
2.474007176619600623e-01 8.530667329960585077e-01
2.554674513948352876e-01 8.718040846931115473e-01
2.635341851277104852e-01 8.882512459078085731e-01
2.716009188605856828e-01 9.035604413518348865e-01
2.796676525934608804e-01 9.180991740175180604e-01
2.877343863263360779e-01 9.308310376947218634e-01
2.958011200592112755e-01 9.408328875273065384e-01
3.038678537920864731e-01 9.489137023314301311e-01
3.119345875249616706e-01 9.564638741139341871e-01
3.200013212578368682e-01 9.638646596236631892e-01
3.280680549907120658e-01 9.704069556478505110e-01
3.361347887235872633e-01 9.756288327897366663e-01
3.442015224564624609e-01 9.799781857112346284e-01
3.522682561893376585e-01 9.841519419477762209e-01
3.603349899222129116e-01 9.884261052972410644e-01
3.684017236550881091e-01 9.925274045146519342e-01
3.764684573879633067e-01 9.959114367383592459e-01
3.845351911208385043e-01 9.981731827654249933e-01
3.926019248537137019e-01 9.993464160544286434e-01
4.006686585865888994e-01 9.998135040395199624e-01
4.087353923194640970e-01 9.999575827464937117e-01
4.168021260523392946e-01 9.999919380659464396e-01
4.248688597852144921e-01 9.999983170168800228e-01
4.329355935180896897e-01 9.999994270134561214e-01
4.410023272509648873e-01 9.999997329783119060e-01
4.490690609838400849e-01 9.999998794983840922e-01
4.571357947167152824e-01 9.999999548981145514e-01
4.652025284495904800e-01 9.999999868509404921e-01
4.732692621824656776e-01 9.999999970741511035e-01
4.813359959153409307e-01 9.999999995048243218e-01
4.894027296482161282e-01 9.999999999363997638e-01
4.974694633810913258e-01 9.999999999938196105e-01
5.055361971139664679e-01 9.999999999995475841e-01
5.136029308468417209e-01 9.999999999999750200e-01
5.216696645797168630e-01 9.999999999999988898e-01
5.297363983125921161e-01 1.000000000000000000e+00
5.378031320454672581e-01 1.000000000000000000e+00
5.458698657783425112e-01 1.000000000000000000e+00
5.539365995112177643e-01 1.000000000000000000e+00
5.620033332440929064e-01 1.000000000000000000e+00
5.700700669769681594e-01 1.000000000000000000e+00
5.781368007098433015e-01 1.000000000000000000e+00
5.862035344427185546e-01 1.000000000000000000e+00
5.942702681755936966e-01 1.000000000000000000e+00
6.023370019084689497e-01 1.000000000000000000e+00
6.104037356413440918e-01 1.000000000000000000e+00
6.184704693742193449e-01 1.000000000000000000e+00
6.265372031070944869e-01 1.000000000000000000e+00
6.346039368399697400e-01 1.000000000000000000e+00
6.426706705728448821e-01 1.000000000000000000e+00
6.507374043057201352e-01 1.000000000000000000e+00
6.588041380385952772e-01 1.000000000000000000e+00
6.668708717714705303e-01 1.000000000000000000e+00
6.749376055043456724e-01 1.000000000000000000e+00
6.830043392372209254e-01 1.000000000000000000e+00
6.910710729700961785e-01 1.000000000000000000e+00
6.991378067029713206e-01 1.000000000000000000e+00
7.072045404358465737e-01 1.000000000000000000e+00
7.152712741687217157e-01 1.000000000000000000e+00
7.233380079015969688e-01 1.000000000000000000e+00
7.314047416344721109e-01 1.000000000000000000e+00
7.394714753673473639e-01 1.000000000000000000e+00
7.475382091002225060e-01 1.000000000000000000e+00
7.556049428330977591e-01 1.000000000000000000e+00
7.636716765659729012e-01 1.000000000000000000e+00
7.717384102988481542e-01 1.000000000000000000e+00
7.798051440317232963e-01 1.000000000000000000e+00
7.878718777645985494e-01 1.000000000000000000e+00
7.959386114974736914e-01 1.000000000000000000e+00
8.040053452303489445e-01 1.000000000000000000e+00
8.120720789632241976e-01 1.000000000000000000e+00
8.201388126960993397e-01 1.000000000000000000e+00
8.282055464289745927e-01 1.000000000000000000e+00
